Calculate by np.corrcoef
            'CRIM',       'ZN',        'INDUS',   'CHAS',     'RM',       'AGE',      'TAX',     'B',        'LSTAT',    'MEDV'
 'CRIM'     [ 1.         -0.19315319  0.39848297 -0.04048591 -0.21150141  0.34176748  0.58585171  0.44423377 -0.35283453 -0.2043445 ]
 'ZN'       [-0.19315319  1.         -0.52436713 -0.04845787  0.31394651 -0.56271156 -0.29380284 -0.40820752  0.34329837  0.14468106]
 'INDUS'    [ 0.39848297 -0.52436713  1.          0.07401977 -0.39758905  0.63277683  0.70155863  0.58713728 -0.44549253 -0.30479613]
 'CHAS'     [-0.04048591 -0.04845787  0.07401977  1.          0.09226692  0.09855839 -0.01264589 -0.04033462  0.17237862  0.02627042]
 'RM'       [-0.21150141  0.31394651 -0.39758905  0.09226692  1.         -0.23814197 -0.30205836 -0.63840327  0.72676766  0.17844091]
 'AGE'      [ 0.34176748 -0.56271156  0.63277683  0.09855839 -0.23814197  1.          0.48561353  0.59353155 -0.34713556 -0.24933116]
 'TAX'      [ 0.58585171 -0.29380284  0.70155863 -0.01264589 -0.30205836  0.48561353  1.          0.50112007 -0.41192228 -0.29848916]
 'B'        [ 0.44423377 -0.40820752  0.58713728 -0.04033462 -0.63840327  0.59353155  0.50112007  1.         -0.72624207 -0.26196626]
 'LSTAT'    [-0.35283453  0.34329837 -0.44549253  0.17237862  0.72676766 -0.34713556 -0.41192228 -0.72624207  1.          0.18724817]
 'MEDV'     [-0.2043445   0.14468106 -0.30479613  0.02627042  0.17844091 -0.24933116 -0.29848916 -0.26196626  0.18724817  1.        ]

Calculate by Covariance Matrix
            'CRIM',       'ZN',        'INDUS',   'CHAS',     'RM',       'AGE',      'TAX',     'B',        'LSTAT',    'MEDV'
 'CRIM'     [ 1.         -0.19315319  0.39848297 -0.04048591 -0.21150141  0.34176748  0.58585171  0.44423377 -0.35283453 -0.2043445 ]
 'ZN'       [-0.19315319  1.         -0.52436713 -0.04845787  0.31394651 -0.56271156 -0.29380284 -0.40820752  0.34329837  0.14468106]
 'INDUS'    [ 0.39848297 -0.52436713  1.          0.07401977 -0.39758905  0.63277683  0.70155863  0.58713728 -0.44549253 -0.30479613]
 'CHAS'     [-0.04048591 -0.04845787  0.07401977  1.          0.09226692  0.09855839 -0.01264589 -0.04033462  0.17237862  0.02627042]
 'RM'       [-0.21150141  0.31394651 -0.39758905  0.09226692  1.         -0.23814197 -0.30205836 -0.63840327  0.72676766  0.17844091]
 'AGE'      [ 0.34176748 -0.56271156  0.63277683  0.09855839 -0.23814197  1.          0.48561353  0.59353155 -0.34713556 -0.24933116]
 'TAX'      [ 0.58585171 -0.29380284  0.70155863 -0.01264589 -0.30205836  0.48561353  1.          0.50112007 -0.41192228 -0.29848916]
 'B'        [ 0.44423377 -0.40820752  0.58713728 -0.04033462 -0.63840327  0.59353155  0.50112007  1.         -0.72624207 -0.26196626]
 'LSTAT'    [-0.35283453  0.34329837 -0.44549253  0.17237862  0.72676766 -0.34713556 -0.41192228 -0.72624207  1.          0.18724817]
 'MEDV'     [-0.2043445   0.14468106 -0.30479613  0.02627042  0.17844091 -0.24933116 -0.29848916 -0.26196626  0.18724817  1.        ]